TimestampLocal,UsageKW
1301788740,8.875750000
1301788680,8.948650000
1301788620,9.300216667
1301788560,10.086100000
1301788500,10.201650000
1301788440,9.994350000
1301788380,10.060800000
1301788320,10.294700000
1301788260,9.652900000
1301788200,9.339283333
1301788140,9.445383333
1301788080,9.482083333
1301788020,9.502500000
1301787960,9.584100000
1301787900,10.092016667
1301787840,10.222233333
1301787780,10.273400000
1301787720,10.387916667
1301787660,11.078716667
1301787600,10.809683333
1301787540,9.864200000
1301787480,8.995333333
1301787420,8.921866667
1301787360,8.919183333
1301787300,9.153266667
1301787240,9.588783333
1301787180,9.737866667
1301787120,9.692233333
1301787060,9.788033333
1301787000,9.619283333
1301786940,8.740916667
1301786880,8.724283333
1301786820,8.755683333
1301786760,8.864300000
1301786700,8.704883333
1301786640,8.850083333
1301786580,9.322366667
1301786520,9.200516667
1301786460,9.353333333
1301786400,9.357333333
1301786340,9.397933333
1301786280,8.832983333
1301786220,8.807316667
1301786160,8.794650000
1301786100,8.821000000
1301786040,8.855833333
1301785980,9.214350000
1301785920,9.525316667
1301785860,9.830350000
1301785800,9.877733333
1301785740,9.756233333
1301785680,9.727833333
1301785620,9.057733333
1301785560,9.112950000
1301785500,9.024283333
1301785440,9.189133333
1301785380,9.208416667
1301785320,9.464566667
1301785260,9.862600000
1301785200,9.952033333
1301785140,10.269816667
1301785080,10.341100000
1301785020,10.407850000
1301784960,9.683033333
1301784900,9.699866667
1301784840,9.706383333
1301784780,9.700500000
1301784720,9.937150000
1301784660,10.572283333
1301784600,10.458350000
1301784540,10.149350000
1301784480,10.077050000
1301784420,10.322316667
1301784360,10.106833333
1301784300,9.381116667
1301784240,9.588333333
1301784180,9.547400000
1301784120,9.668233333
1301784060,9.477066667
1301784000,9.677433333
1301783940,10.124050000
1301783880,10.165283333
1301783820,10.215733333
1301783760,10.206283333
1301783700,10.229216667
1301783640,9.570616667
1301783580,9.579983333
1301783520,9.609633333
1301783460,9.573333333
1301783400,9.565450000
1301783340,9.679150000
1301783280,10.098233333
1301783220,9.980550000
1301783160,10.227950000
1301783100,10.415016667
1301783040,10.256783333
1301782980,9.572550000
1301782920,9.516033333
1301782860,9.451850000
1301782800,9.516550000
1301782740,9.466133333
1301782680,9.585200000
1301782620,9.966600000
1301782560,9.853533333
1301782500,9.880283333
1301782440,9.895516667
1301782380,9.892000000
1301782320,9.122166667
1301782260,7.279550000
1301782200,5.754666667
1301782140,5.794100000
1301782080,5.764350000
1301782020,5.934750000
1301781960,6.381633333
1301781900,6.482033333
1301781840,6.652550000
1301781780,6.541483333
1301781720,6.482766667
1301781660,5.782116667
1301781600,5.775016667
1301781540,5.789183333
1301781480,5.779616667
1301781420,5.950183333
1301781360,6.216133333
1301781300,6.813150000
1301781240,6.778950000
1301781180,6.514416667
1301781120,6.432366667
1301781060,6.528116667
1301781000,5.751366667
1301780940,5.875683333
1301780880,5.896833333
1301780820,5.808916667
1301780760,5.895666667
1301780700,6.137050000
1301780640,6.713233333
1301780580,6.977233333
1301780520,7.051650000
1301780460,6.806583333
1301780400,6.828516667
1301780340,6.095583333
1301780280,6.168433333
1301780220,8.115200000
1301780160,6.331183333
1301780100,6.344933333
1301780040,6.484700000
1301779980,6.968816667
1301779920,7.009150000
1301779860,6.979816667
1301779800,6.905500000
1301779740,6.833166667
1301779680,6.092616667
1301779620,6.096966667
1301779560,6.083100000
1301779500,6.145450000
1301779440,7.979466667
1301779380,8.059933333
1301779320,8.558533333
1301779260,7.929683333
1301779200,6.341200000
1301779140,5.986483333
1301779080,5.878966667
1301779020,5.180216667
1301778960,4.740433333
1301778900,4.647550000
1301778840,4.777200000
1301778780,4.750350000
1301778720,5.091300000
1301778660,4.834433333
1301778600,4.898916667
1301778540,4.744116667
1301778480,4.936683333
1301778420,4.749266667
1301778360,4.629883333
1301778300,4.065500000
1301778240,4.011233333
1301778180,4.029633333
1301778120,4.172516667
1301778060,4.093366667
1301778000,4.388283333
1301777940,4.681433333
1301777880,4.717400000
1301777820,4.711316667
1301777760,4.716500000
1301777700,4.746216667
1301777640,4.480250000
1301777580,4.385200000
1301777520,4.763266667
1301777460,6.252733333
1301777400,6.723683333
1301777340,6.516250000
1301777280,6.927266667
1301777220,6.742566667
1301777160,6.718283333
1301777100,6.799466667
1301777040,6.816566667
1301776980,6.264416667
1301776920,5.769483333
1301776860,5.508183333
1301776800,5.222950000
1301776740,5.258300000
1301776680,5.406116667
1301776620,5.570933333
1301776560,5.520700000
1301776500,5.490766667
1301776440,5.963216667
1301776380,6.062383333
1301776320,4.940150000
1301776260,4.859983333
1301776200,4.875650000
1301776140,5.061833333
1301776080,5.057450000
1301776020,4.919866667
1301775960,4.854116667
1301775900,4.998766667
1301775840,5.183716667
1301775780,5.100766667
1301775720,4.967033333
1301775660,4.533783333
1301775600,4.629083333
1301775540,4.658200000
1301775480,4.591450000
1301775420,4.599150000
1301775360,4.656383333
1301775300,4.642700000
1301775240,4.612683333
1301775180,4.227033333
1301775120,3.820433333
1301775060,3.845233333
1301775000,3.871116667
1301774940,3.757666667
1301774880,4.454133333
1301774820,4.603783333
1301774760,4.480383333
1301774700,4.621133333
1301774640,5.027200000
1301774580,4.627366667
1301774520,4.369950000
1301774460,4.578483333
1301774400,4.734666667
1301774340,4.523233333
1301774280,4.829000000
1301774220,5.258450000
1301774160,5.169666667
1301774100,5.405400000
1301774040,5.504966667
1301773980,5.159516667
1301773920,4.845600000
1301773860,4.739616667
1301773800,4.716633333
1301773740,4.713683333
1301773680,4.732566667
1301773620,5.277933333
1301773560,5.438450000
1301773500,5.590116667
1301773440,5.443033333
1301773380,5.561766667
1301773320,4.943733333
1301773260,4.926633333
1301773200,5.049483333
1301773140,4.872283333
1301773080,4.858533333
1301773020,4.876883333
1301772960,5.576866667
1301772900,6.571866667
1301772840,6.083766667
1301772780,6.595183333
1301772720,6.581700000
1301772660,6.020933333
1301772600,6.039266667
1301772540,6.103800000
1301772480,5.974416667
1301772420,6.117916667
1301772360,5.999233333
1301772300,6.251666667
1301772240,6.289866667
1301772180,6.133566667
1301772120,5.983066667
1301772060,5.694366667
1301772000,5.632616667
1301771940,5.742616667
1301771880,6.117883333
1301771820,6.451266667
1301771760,5.367283333
1301771700,5.802650000
1301771640,5.999600000
1301771580,6.005450000
1301771520,6.020500000
1301771460,6.097283333
1301771400,5.476883333
1301771340,5.499100000
1301771280,5.346100000
1301771220,5.348666667
1301771160,5.635866667
1301771100,5.780450000
1301771040,6.356750000
1301770980,6.479666667
1301770920,6.368583333
1301770860,6.493600000
1301770800,6.312750000
1301770740,5.761383333
1301770680,5.820833333
1301770620,5.743366667
1301770560,5.794333333
1301770500,6.040866667
1301770440,6.280816667
1301770380,6.613033333
1301770320,6.795533333
1301770260,6.630200000
1301770200,6.734233333
1301770140,6.354683333
1301770080,6.069183333
1301770020,6.106866667
1301769960,6.075000000
1301769900,6.111500000
1301769840,6.207733333
1301769780,6.853116667
1301769720,6.911216667
1301769660,6.872383333
1301769600,6.992216667
1301769540,7.055266667
1301769480,6.316416667
1301769420,6.329350000
1301769360,6.322016667
1301769300,6.775250000
1301769240,6.600616667
1301769180,6.376300000
1301769120,6.720783333
1301769060,6.717466667
1301769000,6.820200000
1301768940,7.200266667
1301768880,7.342150000
1301768820,5.867750000
1301768760,5.715066667
1301768700,5.753666667
1301768640,5.763200000
1301768580,5.736133333
1301768520,5.832066667
1301768460,6.562783333
1301768400,6.283033333
1301768340,6.250433333
1301768280,6.453466667
1301768220,6.461916667
1301768160,5.666133333
1301768100,5.685233333
1301768040,5.683483333
1301767980,5.686833333
1301767920,5.781400000
1301767860,6.403116667
1301767800,6.995283333
1301767740,7.010083333
1301767680,8.275800000
1301767620,8.960333333
1301767560,9.053366667
1301767500,7.621816667
1301767440,6.340766667
1301767380,6.511333333
1301767320,6.336450000
1301767260,6.542066667
1301767200,6.498616667
1301767140,7.010316667
1301767080,7.031116667
1301767020,7.027433333
1301766960,7.102616667
1301766900,7.081983333
1301766840,6.431000000
1301766780,6.494583333
1301766720,6.586250000
1301766660,7.112866667
1301766600,7.906350000
1301766540,7.236716667
1301766480,7.417883333
1301766420,8.151350000
1301766360,8.155666667
1301766300,8.191966667
1301766240,8.296783333
1301766180,7.388816667
1301766120,6.905833333
1301766060,6.327316667
1301766000,6.464250000
1301765940,6.388916667
1301765880,6.111166667
1301765820,6.212300000
1301765760,7.371566667
1301765700,7.719483333
1301765640,7.796366667
1301765580,7.969150000
1301765520,7.775050000
1301765460,7.280350000
1301765400,5.894983333
1301765340,6.303266667
1301765280,6.255683333
1301765220,6.276500000
1301765160,6.218433333
1301765100,6.474933333
1301765040,7.558416667
1301764980,7.974683333
1301764920,7.980783333
1301764860,8.615983333
1301764800,8.950266667
1301764740,8.699133333
1301764680,8.476183333
1301764620,7.524283333
1301764560,7.116000000
1301764500,8.650650000
1301764440,8.941516667
1301764380,9.396016667
1301764320,9.987083333
1301764260,9.916850000
1301764200,9.219866667
1301764140,9.266700000
1301764080,9.970100000
1301764020,9.876533333
1301763960,9.101166667
1301763900,9.144683333
1301763840,9.053583333
1301763780,8.401166667
1301763720,8.593150000
1301763660,8.591566667
1301763600,8.578516667
1301763540,8.568183333
1301763480,8.933233333
1301763420,8.780216667
1301763360,8.777033333
1301763300,8.700083333
1301763240,8.646500000
1301763180,8.640166667
1301763120,9.264900000
1301763060,9.415966667
1301763000,9.512983333
1301762940,9.704133333
1301762880,9.768250000
1301762820,8.779400000
1301762760,8.675400000
1301762700,8.657266667
1301762640,8.657200000
1301762580,8.800816667
1301762520,8.659500000
1301762460,9.275816667
1301762400,9.485716667
1301762340,9.640216667
1301762280,9.632750000
1301762220,9.657016667
1301762160,9.200066667
1301762100,9.264950000
1301762040,8.979200000
1301761980,8.968483333
1301761920,9.005150000
1301761860,9.101366667
1301761800,9.831116667
1301761740,9.679900000
1301761680,9.155583333
1301761620,9.059933333
1301761560,8.815266667
1301761500,8.376700000
1301761440,8.430950000
1301761380,8.447216667
1301761320,8.344366667
1301761260,8.282366667
1301761200,9.175750000
1301761140,10.383783333
1301761080,9.956250000
1301761020,8.987500000
1301760960,9.081683333
1301760900,8.632450000
1301760840,8.887850000
1301760780,8.901266667
1301760720,8.886516667
1301760660,8.682583333
1301760600,8.670066667
1301760540,9.572116667
1301760480,9.589350000
1301760420,9.167666667
1301760360,9.267933333
1301760300,9.123466667
1301760240,8.498466667
1301760180,8.464150000
1301760120,8.572400000
1301760060,8.409383333
1301760000,7.840200000
1301759940,7.090166667
1301759880,7.421000000
1301759820,7.451883333
1301759760,7.250900000
1301759700,7.024983333
1301759640,6.603033333
1301759580,5.966550000
1301759520,5.970116667
1301759460,6.134283333
1301759400,5.963516667
1301759340,5.957183333
1301759280,6.330150000
1301759220,6.575916667
1301759160,6.598916667
1301759100,6.627950000
1301759040,6.662916667
1301758980,5.960100000
1301758920,5.957850000
1301758860,6.055750000
1301758800,6.174600000
1301758740,6.009850000
1301758680,6.188416667
1301758620,6.623966667
1301758560,6.720900000
1301758500,6.851016667
1301758440,6.771316667
1301758380,6.636050000
1301758320,6.224283333
1301758260,6.497000000
1301758200,6.477966667
1301758140,6.423983333
1301758080,6.350116667
1301758020,6.725800000
1301757960,7.011716667
1301757900,6.999650000
1301757840,7.340766667
1301757780,7.682366667
1301757720,7.459600000
1301757660,6.836950000
1301757600,6.651600000
1301757540,6.774100000
1301757480,6.697516667
1301757420,6.790350000
1301757360,6.786233333
1301757300,8.540050000
1301757240,8.385466667
1301757180,8.620166667
1301757120,9.007350000
1301757060,7.822733333
1301757000,7.893050000
1301756940,7.736350000
1301756880,7.673666667
1301756820,7.810383333
1301756760,7.762283333
1301756700,9.035800000
1301756640,8.403633333
1301756580,8.197433333
1301756520,8.407750000
1301756460,8.087216667
1301756400,7.392066667
1301756340,6.995166667
1301756280,7.370233333
1301756220,7.099283333
1301756160,7.533200000
1301756100,7.382033333
1301756040,8.054900000
1301755980,7.944133333
1301755920,7.576183333
1301755860,7.618983333
1301755800,7.384900000
1301755740,6.892416667
1301755680,7.088383333
1301755620,6.863000000
1301755560,7.056066667
1301755500,6.895483333
1301755440,7.164066667
1301755380,7.547600000
1301755320,7.570450000
1301755260,7.566700000
1301755200,7.690833333
1301755140,8.649550000
1301755080,8.922933333
1301755020,9.451150000
1301754960,9.617050000
1301754900,7.967483333
1301754840,6.665683333
1301754780,7.356933333
1301754720,7.315100000
1301754660,7.750716667
1301754600,7.834666667
1301754540,7.387666667
1301754480,6.847966667
1301754420,6.937600000
1301754360,6.827150000
1301754300,7.033350000
1301754240,7.225650000
1301754180,7.482100000
1301754120,8.008383333
1301754060,7.924300000
1301754000,8.141816667
1301753940,8.193283333
1301753880,7.783333333
1301753820,7.515583333
1301753760,7.584700000
1301753700,7.877650000
1301753640,8.595016667
1301753580,8.608983333
1301753520,9.004300000
1301753460,9.198483333
1301753400,9.106633333
1301753340,9.355866667
1301753280,9.165350000
1301753220,8.659783333
1301753160,10.232000000
1301753100,11.933466667
1301753040,11.467850000
1301752980,11.366550000
1301752920,11.352966667
1301752860,11.834133333
1301752800,11.977433333
1301752740,11.981766667
1301752680,12.020333333
1301752620,10.196166667
1301752560,8.010216667
1301752500,8.017316667
1301752440,8.018883333
1301752380,8.061950000
1301752320,8.101550000
1301752260,8.109516667
1301752200,8.741833333
1301752140,8.760966667
1301752080,8.941716667
1301752020,8.792766667
1301751960,8.654550000
1301751900,8.113250000
1301751840,8.097850000
1301751780,8.095833333
1301751720,8.095216667
1301751660,8.097616667
1301751600,8.153083333
1301751540,8.736400000
1301751480,8.751900000
1301751420,8.764916667
1301751360,8.807933333
1301751300,8.795650000
1301751240,8.217283333
1301751180,8.200916667
1301751120,8.110416667
1301751060,8.181350000
1301751000,8.174616667
1301750940,8.455083333
1301750880,8.828366667
1301750820,9.140200000
1301750760,9.218133333
1301750700,9.284600000
1301750640,8.811983333
1301750580,8.580833333
1301750520,8.739600000
1301750460,8.609250000
1301750400,8.773133333
1301750340,8.600416667
1301750280,9.290983333
1301750220,9.377400000
1301750160,9.556133333
1301750100,9.325566667
1301750040,9.349916667
1301749980,8.589916667
1301749920,8.515833333
1301749860,8.467383333
1301749800,8.641700000
1301749740,8.664550000
1301749680,8.533650000
1301749620,8.807433333
1301749560,9.249400000
1301749500,9.234266667
1301749440,9.276300000
1301749380,9.491766667
1301749320,8.724133333
1301749260,8.640550000
1301749200,8.616150000
1301749140,9.707583333
1301749080,9.525916667
1301749020,9.920600000
1301748960,10.634516667
1301748900,9.222700000
1301748840,8.484533333
1301748780,8.934150000
1301748720,9.107016667
1301748660,8.458100000
1301748600,7.784916667
1301748540,7.776850000
1301748480,7.666533333
1301748420,7.116950000
1301748360,7.734766667
1301748300,7.625666667
1301748240,7.432416667
1301748180,6.899750000
1301748120,7.567783333
1301748060,7.082950000
1301748000,7.089883333
1301747940,7.208833333
1301747880,7.128733333
1301747820,7.389166667
1301747760,7.551383333
1301747700,7.367600000
1301747640,7.427133333
1301747580,8.056416667
1301747520,7.837850000
1301747460,7.318583333
1301747400,7.314483333
1301747340,7.314800000
1301747280,7.441700000
1301747220,7.543116667
1301747160,7.832600000
1301747100,9.538866667
1301747040,9.674583333
1301746980,9.258166667
1301746920,7.827166667
1301746860,5.896200000
1301746800,6.046866667
1301746740,5.908183333
1301746680,6.011783333
1301746620,6.622300000
1301746560,6.886983333
1301746500,6.602116667
1301746440,6.538216667
1301746380,6.217916667
1301746320,5.824650000
1301746260,5.423650000
1301746200,6.034983333
1301746140,6.040250000
1301746080,6.043033333
1301746020,6.059933333
1301745960,5.323950000
1301745900,5.041966667
1301745840,4.403150000
1301745780,4.601733333
1301745720,4.471183333
1301745660,4.437783333
1301745600,4.830933333
1301745540,5.094333333
1301745480,5.114166667
1301745420,5.126466667
1301745360,5.073700000
1301745300,3.745183333
1301745240,2.917583333
1301745180,2.917950000
1301745120,3.741816667
1301745060,5.224666667
1301745000,4.897100000
1301744940,5.321816667
1301744880,5.448500000
1301744820,5.786083333
1301744760,5.169500000
1301744700,3.202816667
1301744640,2.796516667
1301744580,2.794766667
1301744520,2.788166667
1301744460,2.827300000
1301744400,3.023266667
1301744340,3.060750000
1301744280,3.488750000
1301744220,3.817200000
1301744160,3.980533333
1301744100,4.042600000
1301744040,3.500633333
1301743980,3.338333333
1301743920,3.293100000
1301743860,3.275883333
1301743800,3.267666667
1301743740,3.266900000
1301743680,3.592400000
1301743620,3.914883333
1301743560,3.922716667
1301743500,3.939083333
1301743440,4.008366667
1301743380,3.346600000
1301743320,3.280783333
1301743260,3.276150000
1301743200,3.280150000
1301743140,2.945233333
1301743080,2.897600000
1301743020,3.252566667
1301742960,3.507783333
1301742900,3.545116667
1301742840,3.593650000
1301742780,3.648433333
1301742720,3.059483333
1301742660,3.091433333
1301742600,2.969483333
1301742540,3.026633333
1301742480,3.081016667
1301742420,3.094350000
1301742360,3.658350000
1301742300,4.009133333
1301742240,3.878016667
1301742180,3.774416667
1301742120,3.554883333
1301742060,2.979200000
1301742000,2.980483333
1301741940,3.156083333
1301741880,3.161766667
1301741820,3.154183333
1301741760,3.230333333
1301741700,3.782183333
1301741640,3.789616667
1301741580,3.809633333
1301741520,3.860583333
1301741460,3.506283333
1301741400,3.115333333
1301741340,3.078766667
1301741280,3.077333333
1301741220,3.078950000
1301741160,3.080783333
1301741100,3.356766667
1301741040,3.712266667
1301740980,3.720916667
1301740920,3.735516667
1301740860,3.805500000
1301740800,3.258433333
1301740740,4.859400000
1301740680,5.143416667
1301740620,5.152833333
1301740560,5.040550000
1301740500,3.214466667
1301740440,3.638833333
1301740380,3.853350000
1301740320,3.849183333
1301740260,3.758716667
1301740200,3.975216667
1301740140,3.091983333
1301740080,3.145750000
1301740020,3.682950000
1301739960,3.585933333
1301739900,3.599766667
1301739840,3.688333333
1301739780,4.265266667
1301739720,4.314366667
1301739660,4.406050000
1301739600,4.260900000
1301739540,4.104366667
1301739480,3.901166667
1301739420,4.074616667
1301739360,4.084683333
1301739300,4.078666667
1301739240,4.077666667
1301739180,4.229316667
1301739120,4.723083333
1301739060,4.837400000
1301739000,5.000550000
1301738940,4.802350000
1301738880,4.399250000
1301738820,4.103050000
1301738760,4.107550000
1301738700,4.102466667
1301738640,4.074233333
1301738580,4.081800000
1301738520,4.285600000
1301738460,4.732766667
1301738400,4.632950000
1301738340,3.950816667
1301738280,4.001016667
1301738220,3.585233333
1301738160,3.298283333
1301738100,3.489283333
1301738040,3.292116667
1301737980,3.294150000
1301737920,3.297733333
1301737860,3.428233333
1301737800,3.935733333
1301737740,3.916966667
1301737680,3.812900000
1301737620,3.863216667
1301737560,3.463866667
1301737500,3.239316667
1301737440,3.294350000
1301737380,3.298550000
1301737320,3.302150000
1301737260,3.300266667
1301737200,3.632216667
1301737140,3.939550000
1301737080,3.928050000
1301737020,3.889016667
1301736960,3.965216667
1301736900,3.301266667
1301736840,3.238800000
1301736780,3.238733333
1301736720,3.257566667
1301736660,3.307183333
1301736600,3.399566667
1301736540,3.803266667
1301736480,3.967116667
1301736420,3.999050000
1301736360,3.880650000
1301736300,3.775833333
1301736240,3.157800000
1301736180,3.115983333
1301736120,3.120083333
1301736060,3.159116667
1301736000,3.281083333
1301735940,3.204383333
1301735880,3.753300000
1301735820,3.770133333
1301735760,3.785333333
1301735700,3.824800000
1301735640,3.527616667
1301735580,3.125400000
1301735520,3.124100000
1301735460,3.124116667
1301735400,3.126266667
1301735340,3.126033333
1301735280,3.367483333
1301735220,3.753366667
1301735160,3.751850000
1301735100,3.765433333
1301735040,3.833583333
1301734980,3.302633333
1301734920,3.187266667
1301734860,3.245333333
1301734800,3.238833333
1301734740,3.234883333
1301734680,3.236416667
1301734620,3.673216667
1301734560,3.873833333
1301734500,3.884766667
1301734440,3.903433333
1301734380,3.961233333
1301734320,3.245183333
1301734260,3.245250000
1301734200,3.441600000
1301734140,3.261566667
1301734080,3.262883333
1301734020,3.368433333
1301733960,3.786233333
1301733900,3.768416667
1301733840,3.785233333
1301733780,3.896250000
1301733720,3.886833333
1301733660,3.234700000
1301733600,3.238033333
1301733540,3.234150000
1301733480,3.199366667
1301733420,3.136516667
1301733360,3.144933333
1301733300,3.710066667
1301733240,3.787600000
1301733180,3.795750000
1301733120,3.813633333
1301733060,3.719300000
1301733000,3.143383333
1301732940,3.146433333
1301732880,3.146216667
1301732820,3.146650000
1301732760,3.145166667
1301732700,3.240133333
1301732640,3.778750000
1301732580,3.789283333
1301732520,3.924466667
1301732460,3.847283333
1301732400,3.703000000
1301732340,3.331133333
1301732280,3.238300000
1301732220,3.239433333
1301732160,3.147816667
1301732100,3.145700000
1301732040,3.411116667
1301731980,3.975133333
1301731920,3.783450000
1301731860,3.795233333
1301731800,3.856700000
1301731740,3.360150000
1301731680,3.159183333
1301731620,3.173116667
1301731560,3.348566667
1301731500,3.147716667
1301731440,3.153366667
1301731380,3.608883333
1301731320,3.786933333
1301731260,3.800816667
1301731200,3.925083333
1301731140,3.986500000
1301731080,3.267333333
1301731020,3.268233333
1301730960,3.270133333
1301730900,3.307316667
1301730840,3.334633333
1301730780,3.334183333
1301730720,3.952150000
1301730660,4.037250000
1301730600,4.051233333
1301730540,4.076616667
1301730480,3.973033333
1301730420,3.402516667
1301730360,3.405466667
1301730300,3.399666667
1301730240,3.284000000
1301730180,3.289500000
1301730120,3.318816667
1301730060,3.848400000
1301730000,4.019866667
1301729940,3.835050000
1301729880,3.857500000
1301729820,3.734933333
1301729760,3.183933333
1301729700,3.183350000
1301729640,3.184033333
1301729580,3.183200000
1301729520,3.201283333
1301729460,3.317350000
1301729400,3.820500000
1301729340,3.823166667
1301729280,3.839466667
1301729220,3.880500000
1301729160,3.613016667
1301729100,3.198033333
1301729040,3.247133333
1301728980,3.330966667
1301728920,3.186233333
1301728860,4.192983333
1301728800,5.230383333
1301728740,5.741050000
1301728680,5.743250000
1301728620,4.754433333
1301728560,3.945233333
1301728500,3.675833333
1301728440,3.270283333
1301728380,3.270650000
1301728320,3.268766667
1301728260,3.266900000
1301728200,3.259166667
1301728140,3.576416667
1301728080,3.894966667
1301728020,4.098350000
1301727960,3.915700000
1301727900,3.972100000
1301727840,3.500416667
1301727780,3.262216667
1301727720,3.262416667
1301727660,3.266333333
1301727600,3.274450000
1301727540,3.337566667
1301727480,3.798383333
1301727420,4.118733333
1301727360,4.121533333
1301727300,4.134650000
1301727240,4.189866667
1301727180,3.703983333
1301727120,3.480350000
1301727060,3.483033333
1301727000,3.485950000
1301726940,3.488916667
1301726880,3.487483333
1301726820,3.928183333
1301726760,4.157333333
1301726700,4.157650000
1301726640,4.179066667
1301726580,4.203383333
1301726520,3.473850000
1301726460,3.590633333
1301726400,3.394433333
1301726340,3.394966667
1301726280,3.396316667
1301726220,3.399533333
1301726160,3.970150000
1301726100,4.166583333
1301726040,4.109616667
1301725980,4.075466667
1301725920,4.084550000
1301725860,3.415233333
1301725800,3.412566667
1301725740,3.405166667
1301725680,3.408850000
1301725620,3.409150000
1301725560,3.443283333
1301725500,3.955500000
1301725440,3.959300000
1301725380,3.968783333
1301725320,3.993733333
1301725260,3.902850000
1301725200,3.325850000
1301725140,3.335216667
1301725080,3.335616667
1301725020,3.336433333
1301724960,3.334283333
1301724900,3.425100000
1301724840,3.951166667
1301724780,3.892800000
1301724720,3.900933333
1301724660,3.929600000
1301724600,3.788966667
1301724540,3.254583333
1301724480,3.257200000
1301724420,3.259583333
1301724360,3.268983333
1301724300,3.276916667
1301724240,3.335133333
1301724180,3.941766667
1301724120,3.942783333
1301724060,3.814733333
1301724000,3.841250000
1301723940,3.733216667
1301723880,3.332483333
1301723820,3.228216667
1301723760,3.276833333
1301723700,3.277533333
1301723640,3.281933333
1301723580,3.553250000
1301723520,3.819916667
1301723460,3.824466667
1301723400,3.836816667
1301723340,3.883250000
1301723280,3.486233333
1301723220,3.171500000
1301723160,3.176050000
1301723100,3.176566667
1301723040,3.177766667
1301722980,3.178550000
1301722920,3.664600000
1301722860,3.748650000
1301722800,3.691200000
1301722740,3.709650000
1301722680,3.788350000
1301722620,3.164850000
1301722560,3.060983333
1301722500,3.059216667
1301722440,3.056233333
1301722380,3.054216667
1301722320,3.068800000
1301722260,3.826250000
1301722200,3.688850000
1301722140,3.699016667
1301722080,3.716683333
1301722020,3.790400000
1301721960,3.061400000
1301721900,3.055466667
1301721840,3.060216667
1301721780,3.061500000
1301721720,3.063400000
1301721660,3.186950000
1301721600,3.688650000
1301721540,3.694383333
1301721480,3.701100000
1301721420,3.722050000
1301721360,3.706933333
1301721300,3.176650000
1301721240,3.123800000
1301721180,3.051316667
1301721120,3.049833333
1301721060,3.062816667
1301721000,3.249033333
1301720940,3.797016667
1301720880,3.800366667
1301720820,3.802333333
1301720760,3.821900000
1301720700,3.885983333
1301720640,3.222500000
1301720580,3.218683333
1301720520,3.218366667
1301720460,3.219783333
1301720400,3.207300000
1301720340,3.651450000
1301720280,3.983166667
1301720220,3.875700000
1301720160,3.995266667
1301720100,4.028600000
1301720040,4.093516667
1301719980,3.364733333
1301719920,3.395250000
1301719860,3.394666667
1301719800,3.395283333
1301719740,3.475216667
1301719680,4.041183333
1301719620,4.048300000
1301719560,4.048616667
1301719500,4.050716667
1301719440,4.061166667
1301719380,4.069283333
1301719320,4.074583333
1301719260,4.093750000
1301719200,3.954266667
1301719140,3.956883333
1301719080,3.957333333
1301719020,3.959400000
1301718960,3.959333333
1301718900,3.961233333
1301718840,3.954833333
1301718780,3.917600000
1301718720,3.933916667
1301718660,4.045600000
1301718600,4.128116667
1301718540,4.019366667
1301718480,4.004600000
1301718420,4.513583333
1301718360,4.336083333
1301718300,4.443000000
1301718240,4.547983333
1301718180,4.431950000
1301718120,4.441916667
1301718060,4.426450000
1301718000,4.449283333
1301717940,4.434250000
1301717880,4.458883333
1301717820,4.466033333
1301717760,4.479766667
1301717700,4.480216667
1301717640,4.502566667
1301717580,4.186916667
1301717520,3.706750000
1301717460,3.745383333
1301717400,3.738683333
1301717340,3.772983333
1301717280,4.751466667
1301717220,5.665350000
1301717160,4.968200000
1301717100,4.026666667
1301717040,4.104866667
1301716980,3.371783333
1301716920,3.377533333
1301716860,3.430650000
1301716800,3.488766667
1301716740,3.339416667
1301716680,3.338750000
1301716620,3.879816667
1301716560,4.008750000
1301716500,4.034900000
1301716440,3.997533333
1301716380,3.931933333
1301716320,3.323666667
1301716260,3.320833333
1301716200,3.317850000
1301716140,3.329233333
1301716080,3.478716667
1301716020,3.436766667
1301715960,3.964416667
1301715900,3.961283333
1301715840,3.973750000
1301715780,5.374083333
1301715720,5.735233333
1301715660,5.247450000
1301715600,5.191383333
1301715540,3.200216667
1301715480,3.202983333
1301715420,3.205500000
1301715360,3.303933333
1301715300,3.845666667
1301715240,3.846300000
1301715180,3.856100000
1301715120,3.900183333
1301715060,3.650583333
1301715000,3.199816667
1301714940,3.209800000
1301714880,3.219883333
1301714820,3.218950000
1301714760,3.227950000
1301714700,3.732333333
1301714640,3.870250000
1301714580,3.876666667
1301714520,3.897400000
1301714460,3.963083333
1301714400,3.408016667
1301714340,3.241583333
1301714280,3.233500000
1301714220,3.234000000
1301714160,3.235283333
1301714100,3.230683333
1301714040,3.749100000
1301713980,3.960566667
1301713920,3.965166667
1301713860,4.167316667
1301713800,4.027466667
1301713740,3.322266667
1301713680,3.341066667
1301713620,3.348883333
1301713560,3.347533333
1301713500,3.345316667
1301713440,3.335483333
1301713380,3.950100000
1301713320,3.967500000
1301713260,3.973416667
1301713200,3.998250000
1301713140,3.866866667
1301713080,3.343083333
1301713020,3.347750000
1301712960,3.359450000
1301712900,3.480016667
1301712840,3.682250000
1301712780,3.747566667
1301712720,4.199833333
1301712660,4.198416667
1301712600,4.204550000
1301712540,4.257500000
1301712480,3.844783333
1301712420,3.559566667
1301712360,3.542000000
1301712300,3.481033333
1301712240,3.478133333
1301712180,3.480916667
1301712120,3.859983333
1301712060,4.129016667
1301712000,4.156616667
1301711940,4.007700000
1301711880,4.009733333
1301711820,3.520583333
1301711760,3.270766667
1301711700,3.270583333
1301711640,3.273350000
1301711580,3.268816667
1301711520,3.264700000
1301711460,3.869450000
1301711400,3.918133333
1301711340,3.926083333
1301711280,3.951483333
1301711220,3.870433333
1301711160,3.285100000
1301711100,3.282700000
1301711040,3.426566667
1301710980,3.314200000
1301710920,3.287900000
1301710860,3.391883333
1301710800,3.925716667
1301710740,3.931416667
1301710680,3.940266667
1301710620,3.975450000
1301710560,3.706816667
1301710500,3.287816667
1301710440,3.295716667
1301710380,3.303400000
1301710320,3.296150000
1301710260,3.293200000
1301710200,3.620316667
1301710140,3.916283333
1301710080,3.924483333
1301710020,3.945550000
1301709960,4.198633333
1301709900,3.412666667
1301709840,3.292533333
1301709780,3.295233333
1301709720,3.297433333
1301709660,3.264533333
1301709600,3.218316667
1301709540,3.798916667
1301709480,3.859533333
1301709420,3.865450000
1301709360,3.937233333
1301709300,3.933116667
1301709240,3.317083333
1301709180,3.433783333
1301709120,3.392283333
1301709060,3.318783333
1301709000,3.318850000
1301708940,3.564266667
1301708880,3.975550000
1301708820,3.978250000
1301708760,3.998650000
1301708700,4.059016667
1301708640,3.652883333
1301708580,3.362933333
1301708520,3.352500000
1301708460,3.355783333
1301708400,3.324616667
1301708340,3.228816667
1301708280,3.643600000
1301708220,4.028250000
1301708160,3.894266667
1301708100,3.895250000
1301708040,3.960833333
1301707980,3.321833333
1301707920,3.245000000
1301707860,3.225916667
1301707800,3.225616667
1301707740,3.215700000
1301707680,3.211033333
1301707620,3.749116667
1301707560,3.860133333
1301707500,3.871400000
1301707440,3.893150000
1301707380,4.003283333
1301707320,3.351416667
1301707260,3.322850000
1301707200,3.321283333
1301707140,3.388433333
1301707080,3.401000000
1301707020,3.378816667
1301706960,3.875016667
1301706900,3.870800000
1301706840,3.868316667
1301706780,3.906200000
1301706720,3.627566667
1301706660,3.216683333
1301706600,3.215983333
1301706540,3.272900000
1301706480,3.337816667
1301706420,3.221350000
1301706360,3.590100000
1301706300,3.976283333
1301706240,4.006800000
1301706180,4.019466667
1301706120,4.076383333
1301706060,3.561166667
1301706000,3.367316667
1301705940,3.368366667
1301705880,3.367000000
1301705820,3.366566667
1301705760,3.399933333
1301705700,4.000183333
1301705640,4.108600000
1301705580,4.310500000
1301705520,4.138033333
1301705460,4.195900000
1301705400,3.498350000
1301705340,3.470133333
1301705280,3.456050000
1301705220,3.452116667
1301705160,3.453400000
1301705100,3.452983333
1301705040,4.178933333
1301704980,4.091333333
1301704920,4.142766667
1301704860,4.192983333
1301704800,4.199550000
1301704740,3.407866667
1301704680,3.415983333
1301704620,3.416983333
1301704560,3.425566667
1301704500,3.435716667
1301704440,3.555116667
1301704380,4.076700000
1301704320,4.088133333
1301704260,4.098450000
1301704200,5.874166667
1301704140,6.135250000
1301704080,5.715800000
1301704020,5.682250000
1301703960,3.906783333
1301703900,3.803566667
1301703840,3.804933333
1301703780,4.314033333
1301703720,4.542183333
1301703660,4.912066667
1301703600,4.953800000
1301703540,5.184583333
1301703480,4.443566667
1301703420,4.200600000
1301703360,4.222850000
1301703300,4.215666667
1301703240,4.208216667
1301703180,4.212150000
1301703120,4.741450000
1301703060,4.876083333
1301703000,5.093650000
1301702940,4.739300000
1301702880,4.898516667
1301702820,4.251066667
1301702760,4.207433333
1301702700,4.244216667
1301702640,4.217316667
1301702580,4.242633333
1301702520,4.373900000
1301702460,4.854533333
1301702400,4.835666667
